http://news.sanook.com/lotto/check/01082569/
FIRST 932479
THREE_FIRST 413 672
THREE_LAST 154 039
TWO 69
NEAR_FIRST 932478 932480
SECOND 397674 439057 879194 484003 985259 
THIRD 497784 659804 771930 035383 380525 978165 079524 371610 761407 354653 
FOURTH 672550 094191 478672 626100 509887 479157 979421 256938 829785 082401 443519 438460 742059 468328 932266 348500 844650 103661 717755 319910 357597 879348 497535 456226 430448 558819 867644 909993 718860 891144 061038 860528 094576 119529 153613 438279 498424 845535 167205 131971 599328 892342 372784 548337 094764 969365 181672 093572 089456 453190 
FIFTH 287685 725186 873368 501179 860747 441239 412068 742438 166352 132431 580336 173327 374365 986255 446216 777440 517022 230615 767596 143090 829888 072283 247336 853268 890990 374072 909462 547440 792357 970135 747650 096161 109471 818769 334661 297974 147786 093818 623654 223277 079141 455264 750721 129882 707899 224730 589314 772578 432005 668261 543413 084924 226273 151630 481684 011907 262193 324446 931512 597708 779077 692076 913074 938624 459192 996865 562301 307998 522407 695727 791175 018615 653548 189460 104707 345151 682426 348193 649490 384590 412701 379705 642164 606900 873413 357443 240462 487677 329838 219739 801441 438719 910346 334334 790572 461278 293563 656819 350190 966738 
