http://news.sanook.com/lotto/check/16082569/
FIRST 004615
THREE_FIRST 731 429
THREE_LAST 937 094
TWO 53
NEAR_FIRST 004614 004616
SECOND 576660 640794 560636 883014 259239 
THIRD 573767 146548 805280 684706 382469 959321 252291 474983 888311 288163 
FOURTH 665008 564064 439832 665931 287384 594128 173905 098504 706164 439728 119060 016843 739269 557060 788469 499791 748845 068797 890901 733173 662381 438638 995890 471250 997448 362400 292230 359447 798988 164329 871458 398544 614112 900977 088017 520436 839951 357963 334635 800388 550578 605173 187646 762532 610007 243709 009670 687228 641399 560944 
FIFTH 583329 182628 915377 816464 160580 370170 554300 049234 611719 243865 274040 690483 437270 103678 703501 131070 704968 192512 793386 040637 378558 948323 196881 788074 595819 806943 833299 856110 800980 242483 851174 247753 710949 412647 626248 329804 292578 476424 564450 969200 114815 354622 805427 824636 842864 755467 024541 089920 560793 613730 619682 225335 022968 890581 545569 702430 147675 308158 018096 278765 144608 644459 578100 480964 376690 857066 978338 208706 472260 471979 838388 733724 280011 263627 292437 351058 109341 838886 540243 087871 345514 355706 186784 171080 701301 998822 375694 656431 117048 069961 683343 181115 616620 695759 696109 169576 179345 429875 902040 031788 
