http://news.sanook.com/lotto/check/01102569/
FIRST 402701
THREE_FIRST 791 912
THREE_LAST 058 396
TWO 70
NEAR_FIRST 402700 402702
SECOND 120486 143327 850290 034909 430814 
THIRD 313119 589689 793731 240654 849515 732668 515300 728961 668687 375071 
FOURTH 168581 339796 445543 024103 913205 300505 531561 177859 401318 944162 199043 114271 267042 271390 961404 334563 357168 447610 353849 559003 836285 489945 424838 700259 046829 312556 625911 156132 028919 391798 652873 118371 164543 787020 975260 192467 599928 498752 032149 059449 022118 936712 602667 080907 632204 513448 002975 904802 746715 516883 
FIFTH 273410 412077 079789 680374 587064 634222 056761 908481 309661 930415 881595 969596 052712 318390 382232 303673 193652 628362 986055 427745 707427 734114 224646 645856 010375 187761 282304 123785 160660 243338 549244 545265 085221 112820 804546 163570 732884 930361 291961 602030 455580 900937 261641 248310 935680 306446 223778 685424 468373 450224 863801 853519 393592 526635 341806 789623 307197 439606 279404 120070 245929 776712 155504 906469 587252 891184 202646 989748 508128 485161 706989 349553 156446 504091 419555 619732 450729 781480 051481 208039 472950 478146 616242 178020 256033 458184 721171 631009 359022 076629 539801 242640 764688 244973 841274 840006 720240 933438 460059 994647 
