http://news.sanook.com/lotto/check/16092569/
FIRST 730640
THREE_FIRST 060 521
THREE_LAST 266 041
TWO 64
NEAR_FIRST 730639 730641
SECOND 047801 272404 279762 624884 971641 
THIRD 009956 043192 170127 314626 383963 389202 532193 727907 810768 945207 
FOURTH 011269 083625 183278 305498 369432 499284 652629 731184 836570 960055 026416 107564 188294 314812 379276 587516 686280 736281 849062 989427 056075 116896 199464 317305 447358 590990 697921 754154 863204 996779 068732 161593 225368 335550 490849 602647 715042 761793 907080 997528 073134 182133 238182 359099 496192 619908 716047 806175 945595 998848 
FIFTH 015005 186551 267948 343872 419087 490783 637646 720849 804785 883233 017356 188483 280097 346405 423853 505062 646309 721670 817591 887425 055829 195753 294241 351353 432597 528188 646789 725730 825874 909007 065186 208385 298384 365660 432927 543883 655867 731010 834409 909580 068583 208711 302425 369167 439007 593001 667737 737516 839642 941080 114836 212572 303346 372657 449650 596643 673232 741336 840117 942510 123069 242012 314684 399048 455376 610545 675564 766375 850833 958869 180381 247173 315409 409856 462973 626919 705684 778031 863144 962037 180691 253810 333912 409868 477420 626938 708131 796518 866319 973869 186375 265848 335849 415475 482303 631211 717854 796601 875108 978824 
