http://news.sanook.com/lotto/check/01092569/
FIRST 417212
THREE_FIRST 257 346
THREE_LAST 136 740
TWO 04
NEAR_FIRST 417211 417213
SECOND 082727 713900 806626 936526 989370 
THIRD 070925 177649 358935 428320 507383 673807 809293 870961 943127 967840 
FOURTH 001368 102650 141846 219795 345817 418458 502112 627385 771231 809321 048553 108795 143167 244600 389249 420158 551473 649281 774766 817674 054728 109407 178884 263079 401745 455839 562767 671530 779163 822965 058039 112945 199326 324411 408756 465528 603926 689664 780826 924832 066184 125033 206154 344551 411780 493745 617178 715539 805812 945212 
FIFTH 003249 108536 192716 319754 419713 538042 652049 759959 847866 923094 005954 118836 193697 327423 421236 556300 672935 764592 849521 930194 006694 120938 216885 334961 428109 564135 675642 764835 850060 932588 045344 131955 220117 355394 459311 566647 676855 774572 851705 938411 063551 136662 255573 377006 466570 574528 684150 776286 872880 947970 064807 137727 263217 383620 473841 576406 684640 779077 874293 949775 066769 156916 265144 403936 473873 607517 688846 785542 874591 951975 084516 160409 268514 409550 485562 631154 693003 797039 878936 967190 089240 180174 269217 410572 489664 634486 698424 807819 901033 968862 102322 185119 270083 418411 511806 639990 728580 809201 912182 990681 
